showRules:0 1 1 1 
showNormals:1 0 0 0 
showUV:0 0 0 0 
showLines:1 1 0 0 
showLeaks:1 0 0 0 
showHits:0 0 0 0 
showVolume:0 0 0 0 
showTexture:1 0 0 0 
showFilter:0 0 0 0 
showIndices:0 1 0 0 
showVertices:0 0 0 0 
showMode:0 0 0 0 
showMesh:0 0 0 0 
showHidden:0 0 0 0 
showHiddenVertex:1 1 1 1 
showTimeOverlay:0 0 0 0 
texColormap:1 1 1 1
translation: 1.00000000000000E+00  1.00000000000000E+00  1.00000000000000E+00  1.00000000000000E+00 
dispNumLines:500 2048 2048 2048 
dispNumLeaks:204 2048 2048 2048 
dirShow:1 1 1 1 
dirNorme: 1.00000000000000E+00
dirAutoNormalize:1
dirCenter:1
angle: 5.00000000000000E-03  5.00000000000000E-03  5.00000000000000E-03  5.00000000000000E-03 
autoScale:1
autoScale_include_constant_flow:0
textures_min_pressure_all: 2.14616182010894E-03
textures_min_pressure_moments_only: 0.00000000000000E+00
textures_max_pressure_all: 2.79035160168583E-01
textures_max_pressure_moments_only: 0.00000000000000E+00
textures_min_impingement_all: 6.77679882580173E+21
textures_min_impingement_moments_only: 0.00000000000000E+00
textures_max_impingement_all: 8.06839240141956E+23
textures_max_impingement_moments_only: 0.00000000000000E+00
textures_min_density_all: 5.58823992419177E+19
textures_min_density_moments_only: 0.00000000000000E+00
textures_max_density_all: 7.36255867870355E+21
textures_max_density_moments_only: 0.00000000000000E+00
processNum:4
recents:{
"C:\Users\mszakacs\cernbox\CERNBox_work\BGC\Interaction Chamber from Johanna\case2_DN63_DN100.zip"
"C:\Users\mszakacs\cernbox\CERNBox_work\GEO files\from Viktor badin\coldex model.zip"
"C:\Users\marton\Desktop\movingparts.zip"
"\\cern.ch\dfs\Users\p\pbahr\Documents\Visual Studio 2017\Projects\molflow_threaded\bin\win\tmp\Molflow_Autosave(movingparts.zip).xml"
"\\cern.ch\dfs\Users\p\pbahr\Documents\Visual Studio 2017\Projects\molflow_threaded\test\mesh.zip"
"\\cern.ch\dfs\Users\p\pbahr\Documents\Visual Studio 2017\Projects\basepipe.xml"
"\\cern.ch\dfs\Users\p\pbahr\Documents\Visual Studio 2017\Projects\basepipe.txt"
""
"\\cern.ch\dfs\Users\p\pbahr\Documents\Visual Studio 2017\Projects\base.zip"
}
cdir:"C:\Users\pbahr\cernbox\Projects\Molflow_code\molflow_threaded\bin\win"
cseldir:"."
autonorme:1
centernorme:1
normeratio: 1.00000000000000E+00
autoSaveFrequency: 1.00000000000000E+01
autoSaveSimuOnly:0
checkForUpdates:0
autoUpdateFormulas:1
compressSavedFiles:1
gasMass: 2.80000000000000E+01
expandShortcutPanel:1
hideLot:500 500 500 500 
lowFluxMode:0
lowFluxCutoff: 1.00000000000000E-07
leftHandedView:0
highlightNonplanarFacets:1
