showRules:0 1 1 1 
showNormals:0 0 0 0 
showUV:0 0 0 0 
showLines:1 0 0 0 
showLeaks:0 0 0 0 
showHits:0 0 0 0 
showVolume:0 0 0 0 
showTexture:1 0 0 0 
showFilter:0 0 0 0 
showIndices:0 0 0 0 
showVertices:0 0 0 0 
showMode:0 0 0 0 
showMesh:0 0 0 0 
showHidden:0 0 0 0 
showHiddenVertex:1 1 1 1 
showTimeOverlay:0 0 0 0 
texColormap:1 1 1 1
translation: 1.00000000000000E+00  1.00000000000000E+00  1.00000000000000E+00  1.00000000000000E+00 
dispNumLines:2048 2048 2048 2048 
dispNumLeaks:2048 2048 2048 2048 
dirShow:1 1 1 1 
dirNorme: 1.00000000000000E+00
dirAutoNormalize:1
dirCenter:1
angle: 5.00000000000000E-03  5.00000000000000E-03  5.00000000000000E-03  5.00000000000000E-03 
autoScale:1
autoScale_include_constant_flow:1
textures_min_pressure_all: 0.00000000000000E+00
textures_min_pressure_moments_only: 0.00000000000000E+00
textures_max_pressure_all: 1.00000000000000E+00
textures_max_pressure_moments_only: 1.00000000000000E+00
textures_min_impingement_all: 0.00000000000000E+00
textures_min_impingement_moments_only: 0.00000000000000E+00
textures_max_impingement_all: 1.00000000000000E+00
textures_max_impingement_moments_only: 1.00000000000000E+00
textures_min_density_all: 0.00000000000000E+00
textures_min_density_moments_only: 0.00000000000000E+00
textures_max_density_all: 1.00000000000000E+00
textures_max_density_moments_only: 1.00000000000000E+00
processNum:4
recents:{
"/home/marton/Desktop/tmf.zip"
"/home/marton/Desktop/tmf.geo"
"/home/marton/Desktop/tmf.geo7z"
"/home/marton/Dropbox/Dropbox_Priv_Work/molflow_threaded/test/mesh.zip"
"/mnt/c/Users/mszakacs/Dropbox/Dropbox_Priv_Work/molflow_threaded/test/testsave.zip"
"/mnt/c/Users/mszakacs/cernbox/CERNBox_work/BGC/Second version model from Tom/Simulations/from skimmer 1 spacer 2.3x8mm skimmer3.zip"
"/mnt/c/Users/mszakacs/cernbox/CERNBox_work/GEO files/from Antonella/strange leaks isolated.zip"
"/mnt/c/Users/mszakacs/cernbox/CERNBox_work/GEO files/GEOtmp/anglemap2_gen2.zip"
}
cdir:"/mnt/c/Users/mszakacs/cernbox/CERNBox_work/GEO files/GEOtmp"
cseldir:"."
autonorme:1
centernorme:1
normeratio: 1.00000000000000E+00
autoSaveFrequency: 1.00000000000000E+01
autoSaveSimuOnly:0
checkForUpdates:0
autoUpdateFormulas:1
compressSavedFiles:1
gasMass: 2.80000000000000E+01
expandShortcutPanel:1
hideLot:500 500 500 500 
lowFluxMode:0
lowFluxCutoff: 1.00000000000000E-07
leftHandedView:0
